1351 1351
1182 1182
973 973
1866 1866
1340 1340
1113 1113
1592 1592
1461 1461
1098 1098
1426 1426
1141 1141
1425 1425
1815 1815
1754 1754
945 945
1508 1508
941 941
1314 1314
980 980
1331 1331
1662 1662
1752 1752
1170 1170
1231 1231
1788 1788
908 908
1762 1762
1205 1205
1058 1058
1267 1267
1620 1620
1816 1816
1546 1546
1865 1865
1457 1457
1030 1030
1051 1051
1464 1464
1675 1675
1681 1681
1735 1735
1313 1313
1617 1617
1643 1643
1138 1138
1389 1389
1795 1795
1543 1543
1302 1302
1259 1259
1428 1428
1842 1842
